Mean Noise Amplitude <length scales>
-----------ALL SAMPLES-------------
3380.653326573396 0.001 25738.25832547652 0.09394685337202421 1.8883939854312157 1.6534308867999556 1.982822033392123 1.9651684343685267 1.9816070828730052 1.995178322007606 1.8296226351776825 1.9840541795384623 1.947951143638731 1.9532612819676232 1.8394899273463088 1.9912131675479865 1.9346970047312018 1.998040793130825 1.368123457382896 1.6756018053729105 1.390328158720387 1.8884822209187215 1.9950058760031193 1.9798632250889325 1.7584901930960544 1.2438725132219797 1.7393204701869607 1.9454539733484435 1.4564462531008993 1.9048318515055693 1.9964910199912964 
3266.482448832404 0.001 26145.100531684337 0.09440311775618446 1.9126814926670002 1.912085688903274 1.9711384553000253 1.9869829281294722 1.9638132534657953 1.9983225613216786 1.9366682659979428 1.960593730246627 1.9971904082751504 1.750813708595435 1.926672867761277 1.999614479551609 1.8812969302947657 1.9967147091613575 1.7718342953658812 1.7556394983685253 1.6804391146459032 1.9990034851590164 1.9549709700931301 1.9911129888635597 1.7570605495465599 1.0877528678269488 1.8623103281097269 1.9989647948405727 1.945320234586011 1.9457523980261844 1.9196744901439495 
3722.4013192186785 0.001 25640.9804761594 0.09166143827965854 1.9693821139778827 1.8389510418606756 1.9633828365306925 1.9428157332363354 1.9873772423870937 1.9934933324630257 1.6430455146091831 1.9751424385145728 1.963022691546408 1.901538276624689 1.9605526554390238 1.9982786423298062 1.9219477654922583 1.9967353161983357 1.3781408910804687 1.8880546365561939 1.680856659877622 1.9353168654048218 1.983592249611151 1.9929027863706241 1.8750304752429237 1.0394747364890466 1.8236785168321483 1.9682163361781437 1.8255650432714021 1.6712547055953881 1.8208248672744907 
3595.8623731154394 0.001 25748.924780923433 0.090301896825306 1.86632797199274 1.9000510853460786 1.9618564169791777 1.8972746788250963 1.9740692615648112 1.9912258420748343 1.9366844777412624 1.9938745726839655 1.9250615543000253 1.9514443646039483 1.978223587419102 1.9931282748577677 1.905531356732905 1.987510644337855 1.7699646569949417 1.7917987246949234 1.6693118112550218 1.9507191746029917 1.9161294690994304 1.989331156697804 1.8984004192307113 1.2826906746704427 1.9351607451704331 1.9961827665440963 1.644309230790538 1.8645309297713668 1.728586668379083 
3849.436975467964 0.001 26445.697667891935 0.08788137818867249 1.6037305433869748 1.8508686165378554 1.9927422983884473 1.7135592863027473 1.9903658315241406 1.9949038383765274 1.9906963924259038 1.9730306001363074 1.376544426842356 1.9739742684271977 1.9921862591494364 1.9928548327982352 1.9175991947380902 1.9598512238662453 1.5801767989933775 1.9195906693936642 1.729309320926571 1.9347840049491192 1.9145083104381848 1.995875634436257 1.8794299987056808 1.6327298058497073 1.9521687007287714 1.97900431197684 1.6545523678853682 1.6250617213776857 1.7171651342479013 
3862.323399196853 0.001 27157.03988833385 0.08907284644819259 1.829099651579488 1.7717553003452098 1.9758176411941573 1.8493475231540044 1.9360582572735572 1.9861680437921312 1.9872607077273996 1.8972988193524203 1.9243878364833136 1.8568904884602297 1.9448345101811195 1.9878575594980659 1.864912961692316 1.9421217519939913 1.794020521961352 1.9719499493670405 1.9522769471921328 1.9767544348013704 1.946124884325931 1.993566297104699 1.9147660947494067 1.555967009777663 1.8542038809828687 1.9920921937255371 1.6557808188081349 1.7617267798436371 1.6373614200392963 
3845.3939945270563 0.001 27156.632647235885 0.0894159073871651 1.9132006659123584 1.9847351200174683 1.9917476853969394 1.9665185659020363 1.9623322567273198 1.9654256079884587 1.85122331544114 1.9476122349826621 1.8299619094577007 1.883492829449959 1.9477340494163657 1.9794102945299825 1.8846433140898289 1.9233944406510526 1.8335012094430554 1.8614112449208802 1.96178413180805 1.9876066311020162 1.9737502547720152 1.9881985583627746 1.8294981165323232 1.4783094160985302 1.950291003150696 1.9960695412503144 1.8831950722409356 1.8543859490816357 1.9393405640983672 
3875.824399259638 0.001 27182.00918183433 0.09007528125151038 1.9655355497957823 1.8890893892600031 1.9190168027080066 1.9823875084877363 1.992208518559587 1.9936675350377795 1.992653707615243 1.9503809925784779 1.9816427755101325 1.9222207965760296 1.9361046736203207 1.9565635611903551 1.8589278795633375 1.9438943306603886 1.4432727302577315 1.8189776366602994 1.8867605274074675 1.9707075257634106 1.8976871501595052 1.9862249617584162 1.872407218572053 1.9552121187401497 1.8593556062245706 1.995213126797837 1.9889117012797057 1.9787594528931616 1.5199750888958707 
3857.808684278559 0.001 27181.408351007816 0.07942215098916791 1.9812634476184317 1.8558786739149968 1.847046335218301 1.95536091554967 1.9483922548101176 1.944620766916125 1.900964975234598 1.9958678658092037 1.9883224621241753 1.831761164244476 1.9273635846925214 1.9825405950953787 1.9980199143010755 1.9031230498204255 1.4420534391448623 1.856621116277836 1.926819160260548 1.9445617697180677 1.8965524205393436 1.9934075350386466 1.8432423764748291 1.8222385975507163 1.9913422436076715 1.9534210357101867 1.7647892873470736 1.857913047139276 1.6533636686022053 
3514.638299784312 0.001 27414.9972762974 0.08571537778072601 1.8262405441094856 1.816572135237753 1.8845843953215584 1.8745429060458463 1.9449745683503314 1.9893795633934646 1.3286062844273436 1.994634269789535 1.963367082370793 1.7092504631443852 1.8410859520829403 1.9830778835725305 1.9971612243505505 1.9326355996454014 1.7548216721256131 1.6265308507367915 1.3979904540135646 1.9731492728600648 1.9749838000565263 1.9982561097784939 1.759835372165453 1.7007967471010677 1.6355840287289645 1.8795092349086877 1.3827585207909983 1.7210487932924141 1.8988430694205236 
-----------MEAN OF SAMPLES-------------
3677.08252202543 0.0010000000000000002 26581.104912684492 0.08918962482786079 1.875585596647136 1.847341793822327 1.9490154900429428 1.9133958480001472 1.968119852753576 1.9852385413371632 1.83974262763977 1.9672489703632237 1.8897452290548786 1.8734647642093976 1.9294248067108417 1.9864539290971719 1.9164737545986328 1.9584021859465879 1.613590967275018 1.8166176132349068 1.727587628610727 1.95610853852796 1.9453305385098338 1.990873925350021 1.8388160814315992 1.4799044487326252 1.8603415523722813 1.970412731528066 1.7201628530101067 1.8185265628526321 1.7831625991092988 
